root/&&systemdata/Start.dol:
  2147497644: [61, 32, 128, 0, 192, 9, 54, 252, 192, 130, 151, 160, 236, 0, 32, 36,
    192, 131, 0, 0, 236, 128, 1, 50, 208, 131, 0, 0, 192, 131, 0, 8, 236, 128, 1,
    50, 208, 131, 0, 8, 192, 9, 55, 0, 192, 130, 165, 36, 236, 0, 32, 36, 192, 131,
    0, 4, 236, 128, 1, 50, 208, 131, 0, 4, 192, 131, 0, 12, 236, 128, 1, 50, 208,
    131, 0, 12, 78, 128, 0, 32, 68, 85, 0, 0, 67, 224, 0, 0, 56, 0, 0, 19, 56, 231,
    0, 0, 72, 21, 193, 0, 56, 198, 0, 0, 144, 163, 1, 72, 72, 21, 205, 16, 59, 192,
    3, 84, 147, 223, 0, 20, 59, 192, 1, 192, 147, 223, 0, 24, 59, 192, 0, 0, 72, 45,
    24, 20, 57, 0, 1, 170, 58, 160, 1, 64, 57, 128, 2, 0, 72, 41, 9, 16, 57, 0, 2,
    0, 145, 1, 0, 28, 72, 41, 8, 152, 28, 132, 3, 84, 28, 165, 1, 192, 57, 32, 2,
    128, 124, 132, 75, 214, 57, 32, 1, 224, 124, 165, 75, 214, 57, 32, 0, 0, 72, 2,
    172, 144, 60, 132, 0, 14, 56, 4, 0, 0, 72, 42, 152, 80, 60, 160, 0, 28, 56, 5,
    0, 0, 72, 42, 153, 176, 128, 6, 0, 0, 44, 0, 2, 212, 64, 130, 0, 40, 56, 128,
    0, 0, 84, 135, 56, 48, 56, 231, 0, 128, 124, 229, 58, 20, 136, 7, 0, 126, 152,
    7, 0, 127, 56, 132, 0, 1, 44, 4, 0, 128, 64, 130, 255, 228, 128, 134, 0, 164,
    72, 32, 8, 172, 144, 125, 0, 0, 144, 125, 0, 16, 72, 32, 53, 92, 57, 128, 2, 0,
    145, 129, 0, 8, 57, 128, 2, 0, 78, 128, 0, 32, 57, 64, 2, 0, 145, 65, 0, 8, 57,
    64, 2, 0, 72, 40, 215, 96, 28, 99, 3, 84, 57, 128, 2, 128, 124, 99, 99, 214, 128,
    29, 0, 28, 72, 40, 238, 236]
