root/&&systemdata/Start.dol:
  2147656100: [56, 160, 1, 192, 252, 160, 8, 144, 56, 0, 3, 84]
  2147673080: [75, 253, 83, 88]
  2147916200: [59, 224, 1, 142]
  2147916368: [57, 0, 1, 122]
  2147916480: [59, 96, 1, 142]
  2147916588: [57, 0, 1, 122]
  2147926948: [57, 0, 1, 132]
  2147928908: [56, 224, 3, 40, 57, 0, 1, 134]
  2147929044: [56, 224, 2, 208, 57, 0, 1, 134]
  2147929172: [56, 224, 3, 4, 57, 0, 1, 74]
  2147929320: [56, 224, 3, 12]
  2147929332: [57, 0, 1, 82]
  2147929616: [56, 224, 2, 220]
  2147929624: [57, 0, 1, 98]
  2147929800: [56, 224, 2, 228]
  2147929812: [57, 0, 1, 106]
  2147929972: [56, 224, 2, 220]
  2147930088: [56, 224, 2, 252]
  2147930096: [57, 0, 1, 148]
  2147930208: [56, 224, 3, 12]
  2147930216: [57, 0, 1, 148]
  2147930368: [56, 224, 2, 220]
  2147930376: [57, 0, 1, 90]
  2147930488: [56, 224, 2, 220]
  2147930496: [57, 0, 1, 90]
  2147930620: [56, 224, 2, 224, 57, 0, 1, 90]
  2147930924: [56, 224, 1, 114]
  2147931036: [56, 249, 1, 142]
  2147931212: [56, 224, 1, 114]
  2147931312: [56, 249, 1, 142]
  2147931480: [56, 224, 1, 114]
  2147931592: [56, 249, 1, 142]
  2147931776: [56, 224, 1, 114]
  2147931880: [56, 249, 1, 142]
  2148717264: [59, 156, 0, 176]
  2148717764: [59, 156, 0, 176]
  2148718300: [59, 156, 0, 176]
  2148719380: [59, 156, 0, 176]
  2148721028: [59, 156, 0, 176]
  2148871632: [56, 96, 0, 1]
  2148923400: [75, 234, 62, 252]
  2148926500: [75, 234, 50, 236]
  2148927944: [59, 134, 0, 0]
  2148954656: [56, 0, 1, 192]
  2148954708: [57, 64, 3, 84]
  2148957656: [56, 0, 1, 192]
  2148957688: [57, 64, 3, 84]
  2148958892: [56, 96, 3, 84, 56, 0, 1, 192]
  2148959660: [56, 224, 3, 84]
  2148959684: [57, 0, 1, 192]
  2148960708: [56, 224, 1, 170]
  2148961108: [56, 224, 1, 170]
  2148961424: [56, 224, 1, 170]
  2148961788: [56, 160, 2, 194]
  2148961924: [57, 0, 0, 200]
  2148962068: [56, 160, 1, 50]
  2148962188: [57, 0, 0, 200]
  2148962440: [57, 0, 0, 200]
  2148962716: [56, 160, 0, 200]
  2148962832: [57, 0, 0, 200]
  2148963164: [56, 224, 1, 170]
  2148963412: [56, 224, 1, 170]
  2148963576: [56, 224, 1, 170]
  2148964532: [56, 160, 1, 75]
  2148964548: [56, 160, 2, 9]
  2148964684: [56, 224, 1, 170]
  2148964692: [57, 0, 0, 224]
  2148964920: [56, 160, 3, 84]
  2148965200: [57, 0, 0, 224]
  2148965348: [57, 0, 0, 224]
  2148964808: [56, 224, 1, 170, 57, 0, 0, 224]
  2148965064: [56, 224, 1, 170]
  2148965072: [57, 0, 0, 224]
  2148965708: [56, 224, 1, 170]
  2148965716: [57, 0, 0, 224]
  2148967508: [56, 224, 1, 170, 57, 0, 0, 105]
  2148967632: [56, 224, 1, 70, 57, 0, 0, 200]
  2148967752: [56, 224, 1, 255, 57, 0, 0, 200]
  2148967964: [56, 224, 1, 170, 57, 0, 0, 105]
  2148968092: [56, 224, 1, 70, 57, 0, 0, 226]
  2148968220: [56, 224, 1, 255]
  2148968228: [57, 0, 0, 226]
  2148968492: [56, 224, 1, 170, 57, 0, 0, 224]
  2148968652: [56, 224, 1, 170, 57, 0, 0, 224]
  2148968816: [56, 224, 1, 170, 57, 0, 0, 224]
  2148969176: [56, 160, 0, 192]
  2148969296: [56, 160, 0, 192]
  2148969420: [57, 0, 0, 192]
  2148969588: [56, 224, 1, 170]
  2148969596: [57, 0, 0, 192]
  2148969832: [57, 0, 0, 192]
  2148969992: [56, 224, 1, 170, 57, 0, 0, 192]
  2148970496: [56, 128, 1, 170]
  2148970824: [56, 224, 1, 170, 57, 0, 0, 230]
  2148970956: [56, 224, 1, 170, 57, 0, 0, 230]
  2148971088: [56, 224, 1, 170, 57, 0, 0, 230]
  2148971220: [56, 224, 1, 170, 57, 0, 0, 230]
  2148971372: [56, 224, 1, 170, 57, 0, 0, 230]
  2148971492: [56, 224, 1, 170, 57, 0, 0, 230]
  2148971616: [56, 224, 1, 170, 57, 0, 0, 230]
  2148971740: [56, 224, 1, 170, 57, 0, 0, 230]
  2148971872: [56, 224, 1, 170]
  2148971880: [57, 0, 0, 230]
  2148972008: [56, 224, 1, 170]
  2148972016: [57, 0, 0, 230]
  2148972144: [56, 224, 1, 170]
  2148972152: [57, 0, 0, 230]
  2148972280: [56, 224, 1, 170]
  2148972288: [57, 0, 0, 230]
  2148972632: [56, 224, 1, 170]
  2148972844: [56, 224, 1, 170]
  2148972928: [56, 224, 1, 170]
  2148973192: [56, 224, 1, 170]
  2148973344: [56, 224, 1, 170]
  2148973488: [56, 224, 1, 170]
  2148973744: [56, 224, 1, 170]
  2148973896: [56, 224, 1, 170]
  2148974040: [56, 224, 1, 170]
  2148974380: [56, 128, 1, 170]
  2148974524: [56, 128, 1, 170]
  2148974672: [56, 128, 1, 170]
  2148974836: [56, 224, 1, 170]
  2148974988: [56, 224, 1, 170]
  2148975132: [56, 224, 1, 170]
  2148975288: [56, 224, 3, 84]
  2148975472: [56, 160, 1, 170]
  2149010312: [57, 32, 1, 26]
  2149039576: [56, 235, 1, 170]
  2149039816: [57, 96, 1, 94]
  2149040244: [57, 96, 0, 196]
  2149096044: [57, 64, 0, 129]
  2149096216: [56, 224, 2, 90]
  2149096224: [57, 64, 0, 122]
  2149096456: [56, 0, 1, 45]
  2149096580: [56, 0, 1, 45]
  2149096636: [56, 224, 2, 212]
  2149096768: [57, 64, 2, 84]
  2149097076: [56, 224, 1, 18]
  2149097260: [56, 224, 1, 18]
  2149097452: [56, 224, 1, 14]
  2149097648: [56, 224, 2, 78]
  2149097856: [56, 224, 1, 26]
  2149098052: [56, 224, 1, 202]
  2149098276: [56, 224, 1, 47]
  2149098472: [56, 224, 1, 190]
  2149219112: [56, 224, 1, 170]
  2149469984: [56, 99, 253, 156]
  2149470016: [56, 99, 2, 100]
  2149506088: [56, 224, 1, 170, 57, 0, 0, 224]
  2149506860: [56, 165, 1, 170, 56, 4, 0, 224]
  2149507300: [56, 227, 1, 170]
  2149507452: [57, 4, 0, 224]
  2149509452: [56, 224, 1, 170, 57, 0, 1, 112]
  2149510156: [56, 132, 1, 170, 56, 3, 0, 224]
  2149510816: [56, 165, 1, 170, 56, 4, 0, 224]
  2149511472: [56, 165, 1, 170, 56, 4, 0, 224]
  2149511908: [56, 227, 1, 170]
  2149512060: [57, 4, 0, 224]
  2149513800: [56, 0, 1, 170]
  2149513812: [56, 0, 2, 142]
  2149513892: [57, 0, 0, 188]
  2149514624: [56, 4, 0, 224]
  2149515256: [57, 8, 0, 224]
  2149516000: [57, 8, 0, 224]
  2149516920: [57, 8, 0, 224]
  2149517640: [57, 5, 0, 224]
  2149517908: [57, 0, 0, 188]
  2149518400: [57, 8, 0, 224]
  2149519148: [57, 8, 0, 224]
  2149519876: [57, 8, 0, 224]
  2149520760: [57, 8, 0, 224]
  2149521384: [57, 8, 0, 224]
  2149522232: [57, 8, 0, 224]
  2149522412: [57, 0, 1, 55]
  2149522940: [57, 8, 0, 224]
  2149523592: [57, 8, 0, 224]
  2149524236: [57, 8, 0, 224]
  2149524844: [56, 224, 1, 170]
  2149597284: [75, 223, 247, 36]
  2149606920: [128, 124, 0, 16]
  2149606928: [144, 124, 0, 16, 128, 188, 0, 24, 128, 156, 0, 16]
  2149606960: [144, 28, 0, 16]
  2149608184: [59, 128, 3, 84, 59, 96, 1, 192]
  2149608736: [75, 223, 202, 160]
  2149609492: [56, 192, 0, 154]
  2149609528: [56, 160, 1, 13]
  2149609668: [56, 165, 0, 230]
  2149609700: [56, 165, 1, 216]
  2149612776: [44, 0, 1, 80]
  2149612784: [56, 0, 1, 80]
  2149612816: [44, 0, 3, 164]
  2149612824: [56, 96, 3, 164]
  2149613132: [56, 192, 0, 154]
  2149613156: [56, 160, 1, 22]
  2149613264: [56, 192, 0, 154]
  2149613288: [56, 160, 1, 22]
  2149613364: [32, 160, 0, 230]
  2149613396: [32, 160, 1, 216]
  2149616872: [44, 0, 1, 80]
  2149616880: [56, 0, 1, 80]
  2149616912: [44, 0, 3, 164]
  2149616920: [56, 96, 3, 164]
  2149617244: [56, 0, 3, 164]
  2149620728: [56, 0, 3, 164]
  2149622272: [56, 160, 0, 156]
  2149628188: [56, 160, 0, 156]
  2149631556: [56, 160, 0, 127]
  2149633144: [56, 160, 0, 156]
  2149642008: [56, 0, 1, 192]
  2149642056: [57, 64, 3, 84]
  2149661092: [56, 160, 1, 140]
  2149666484: [57, 32, 1, 18]
  2149671172: [56, 160, 0, 197]
  2149673308: [56, 0, 1, 192]
  2149673356: [57, 64, 3, 84]
  2149673780: [56, 160, 0, 120]
  2149673804: [56, 160, 0, 160]
  2149677444: [56, 224, 1, 168]
  2149677564: [56, 224, 1, 165]
  2149677684: [56, 224, 1, 168]
  2149682728: [56, 128, 1, 50]
  2149682768: [56, 128, 1, 30]
  2149682820: [56, 128, 1, 250]
  2149683448: [56, 128, 1, 30]
  2149683492: [56, 128, 1, 250]
  2149683780: [58, 100, 0, 106]
  2149684404: [56, 102, 0, 224]
  2149684428: [59, 64, 0, 198]
  2149684720: [59, 64, 0, 198]
  2149813108: [56, 224, 1, 160]
  2149813780: [56, 224, 1, 160]
  2149814360: [56, 224, 1, 160]
  2149815296: [56, 224, 1, 160]
  2149815876: [56, 224, 1, 160]
  2149975628: [56, 224, 1, 170, 57, 0, 0, 238]
  2149975772: [35, 195, 0, 184]
  2149975828: [35, 96, 1, 170]
  2149976028: [35, 99, 0, 216]
  2149976084: [35, 128, 1, 170]
  2149976272: [59, 35, 1, 20]
  2149976312: [35, 67, 1, 130]
  2149976552: [59, 67, 1, 20]
  2149976592: [59, 3, 1, 236]
  2149976920: [57, 31, 1, 16]
  2149977848: [56, 224, 1, 170, 57, 0, 0, 238]
  2149977964: [33, 3, 0, 162]
  2149978020: [56, 224, 1, 170]
  2149978144: [35, 195, 0, 206]
  2149978200: [35, 64, 1, 158]
  2149978404: [35, 96, 1, 168]
  2149978416: [35, 64, 0, 244]
  2149978584: [59, 32, 1, 28]
  2149978640: [35, 64, 1, 168]
  2149978880: [32, 227, 1, 42]
  2149979840: [56, 96, 1, 176]
  2149980608: [56, 0, 0, 200]
  2150067344: [56, 224, 1, 170, 57, 0, 0, 224]
  2150067484: [56, 224, 1, 170, 57, 0, 0, 224]
  2150067612: [56, 224, 1, 170, 57, 0, 0, 224]
  2150067740: [28, 131, 0, 224]
  2150067908: [56, 224, 1, 170]
  2150068048: [56, 224, 1, 170]
  2150068316: [56, 224, 1, 170]
  2150068452: [56, 224, 1, 170]
  2150068616: [56, 224, 1, 170]
  2150068764: [56, 224, 1, 170]
  2150068948: [56, 0, 0, 224]
  2150089684: [56, 3, 1, 150]
  2150091560: [56, 128, 1, 70]
  2150098228: [56, 0, 1, 170, 56, 96, 0, 200]
  2150104044: [59, 70, 0, 0]
  2150104288: [59, 134, 0, 0]
  2150106312: [57, 0, 1, 128]
  2150106324: [57, 64, 1, 68]
  2150106516: [57, 0, 1, 128]
  2150106524: [57, 64, 1, 65]
  2150126680: [56, 0, 1, 192]
  2150126732: [57, 64, 3, 84]
  2150126800: [57, 0, 0, 201]
  2150126888: [56, 224, 2, 68]
  2150126896: [57, 0, 0, 203]
  2150127088: [56, 0, 1, 192]
  2150127136: [57, 64, 3, 84]
  2150135644: [44, 4, 3, 84]
  2150135660: [44, 3, 1, 192]
  2150174532: [75, 215, 40, 152]
  2150174556: [57, 64, 1, 170]
  2150174604: [75, 215, 40, 65]
  2150174644: [56, 224, 1, 170]
  2150174660: [57, 64, 1, 170]
  2150174756: [56, 224, 1, 90]
  2150174764: [57, 0, 0, 28]
  2150174872: [56, 128, 0, 149]
  2150174892: [56, 160, 0, 156]
  2150174920: [56, 128, 0, 149]
  2150174928: [56, 160, 0, 196]
  2150174960: [56, 128, 0, 149]
  2150174968: [56, 160, 0, 236]
  2150175000: [56, 128, 0, 149]
  2150175008: [56, 160, 1, 20]
  2150175040: [56, 128, 0, 149]
  2150175048: [56, 160, 1, 60]
  2150175192: [56, 128, 0, 190, 56, 160, 0, 111]
  2150175236: [59, 64, 0, 154]
  2150175264: [56, 128, 0, 202]
  2150175304: [59, 90, 0, 40]
  2150175368: [56, 128, 1, 58, 56, 160, 0, 108]
  2150175428: [59, 32, 0, 156]
  2150175500: [56, 128, 1, 56]
  2150175536: [59, 57, 0, 40]
  2150175600: [56, 128, 1, 203, 56, 160, 0, 108]
  2150175660: [59, 32, 0, 156]
  2150175720: [56, 128, 1, 239]
  2150175784: [56, 128, 1, 239]
  2150175820: [59, 57, 0, 40]
  2150175968: [59, 227, 0, 116]
  2150175980: [35, 195, 2, 233]
  2150176500: [56, 128, 2, 73]
  2150176508: [56, 160, 0, 108]
  2150176572: [58, 160, 0, 156]
  2150176680: [58, 192, 2, 57]
  2150176744: [58, 192, 2, 73]
  2150177024: [58, 181, 0, 40]
  2150177504: [28, 96, 0, 40, 56, 3, 0, 172]
  2150177656: [56, 128, 0, 159]
  2150177664: [56, 160, 1, 104]
  2150177800: [56, 128, 2, 73, 56, 160, 1, 104]
  2150177956: [56, 128, 0, 159]
  2150178044: [56, 128, 1, 170]
  2150178080: [56, 128, 1, 194]
  2150178268: [56, 128, 2, 89]
  2150178452: [56, 128, 0, 159]
  2150178536: [56, 0, 2, 73]
  2150178552: [56, 0, 2, 89]
  2150178560: [56, 0, 2, 105]
  2150178652: [56, 128, 2, 89]
  2150178844: [56, 128, 0, 159]
  2150178876: [56, 192, 2, 89]
  2150178884: [56, 192, 2, 95]
  2150179024: [56, 128, 2, 89]
  2150179188: [56, 128, 0, 159]
  2150179240: [56, 192, 2, 57]
  2150179260: [56, 192, 2, 41]
  2150179400: [56, 128, 2, 73]
  2150179576: [56, 128, 0, 159]
  2150179700: [56, 128, 2, 105]
  2150179908: [56, 128, 0, 159]
  2150180024: [56, 128, 2, 89]
  2150180180: [56, 128, 0, 159]
  2150180268: [56, 128, 0, 239]
  2150180304: [56, 128, 0, 255]
  2150180428: [56, 128, 2, 89]
  2150180580: [75, 215, 17, 8]
  2150180660: [75, 215, 16, 153]
  2150180712: [57, 64, 1, 170]
  2150180768: [75, 215, 16, 45]
  2150180820: [57, 64, 1, 170]
  2150180864: [56, 231, 1, 170]
  2150180924: [57, 0, 1, 80]
  2150180980: [56, 231, 0, 117]
  2150181048: [57, 0, 1, 80]
  2150181056: [57, 64, 1, 57]
  2150181100: [56, 231, 1, 13]
  2150181168: [57, 0, 1, 80]
  2150181220: [56, 231, 2, 70]
  2150181436: [75, 215, 13, 145]
  2150181488: [57, 64, 1, 170]
  2150181544: [75, 215, 13, 37]
  2150181596: [57, 64, 1, 170]
  2150181640: [56, 231, 1, 170]
  2150181700: [57, 0, 1, 80]
  2150181756: [56, 231, 0, 117]
  2150181824: [57, 0, 1, 80]
  2150181832: [57, 64, 1, 57]
  2150181876: [56, 231, 1, 13]
  2150181944: [57, 0, 1, 80]
  2150181996: [56, 231, 2, 70]
  2150182004: [56, 0, 0, 64]
  2150182052: [56, 3, 0, 40]
  2150182152: [75, 215, 10, 197]
  2150182204: [57, 64, 1, 170]
  2150182260: [75, 215, 10, 89]
  2150182312: [57, 64, 1, 170]
  2150182356: [56, 231, 1, 170]
  2150182416: [57, 0, 1, 80]
  2150182472: [56, 231, 0, 117]
  2150182540: [57, 0, 1, 80]
  2150182548: [57, 64, 1, 57]
  2150182592: [56, 231, 1, 13]
  2150182660: [57, 0, 1, 80]
  2150182712: [56, 231, 2, 70]
  2150182720: [56, 0, 0, 64]
  2150182768: [56, 3, 0, 40]
  2150183012: [75, 215, 7, 105]
  2150183064: [57, 64, 1, 170]
  2150183120: [75, 215, 6, 253]
  2150183172: [57, 64, 1, 170]
  2150183216: [56, 231, 1, 170]
  2150183276: [57, 0, 1, 80]
  2150183332: [56, 231, 0, 117]
  2150183400: [57, 0, 1, 80]
  2150183408: [57, 64, 1, 57]
  2150183452: [56, 231, 1, 13]
  2150183520: [57, 0, 1, 80]
  2150183572: [56, 231, 2, 70]
  2150183580: [56, 0, 0, 64]
  2150183628: [56, 3, 0, 40]
  2150183796: [75, 215, 4, 89]
  2150183848: [57, 64, 1, 170]
  2150183904: [75, 215, 3, 237]
  2150183956: [57, 64, 1, 170]
  2150184000: [56, 231, 1, 170]
  2150184060: [57, 0, 1, 80]
  2150184116: [56, 231, 0, 117]
  2150184184: [57, 0, 1, 80]
  2150184192: [57, 64, 1, 57]
  2150184236: [56, 231, 1, 13]
  2150184304: [57, 0, 1, 80]
  2150184356: [56, 231, 2, 70]
  2150184364: [56, 0, 0, 64]
  2150184412: [56, 3, 0, 40]
  2150184504: [75, 215, 1, 149]
  2150184556: [57, 64, 1, 170]
  2150184612: [75, 215, 1, 41]
  2150184664: [57, 64, 1, 170]
  2150184708: [56, 231, 1, 170]
  2150184768: [57, 0, 1, 80]
  2150184824: [56, 231, 0, 117]
  2150184892: [57, 0, 1, 80]
  2150184900: [57, 64, 1, 57]
  2150184944: [56, 231, 1, 13]
  2150185012: [57, 0, 1, 80]
  2150185064: [56, 231, 2, 70]
  2150185072: [56, 0, 0, 64]
  2150185120: [56, 3, 0, 40]
  2150185220: [75, 214, 254, 201]
  2150185272: [57, 64, 1, 170]
  2150185328: [75, 214, 254, 93]
  2150185380: [57, 64, 1, 170]
  2150185424: [56, 231, 1, 170]
  2150185484: [57, 0, 1, 80]
  2150185540: [56, 231, 0, 117]
  2150185608: [57, 0, 1, 80]
  2150185616: [57, 64, 1, 57]
  2150185660: [56, 231, 1, 13]
  2150185728: [57, 0, 1, 80]
  2150185780: [56, 231, 2, 70]
  2150185788: [56, 0, 0, 64]
  2150185836: [56, 3, 0, 40]
  2150186756: [57, 64, 3, 84]
  2150186880: [57, 0, 2, 0]
  2150186892: [56, 0, 1, 170]
  2150186976: [75, 214, 247, 100]
  2150187024: [58, 160, 1, 170]
  2150187036: [57, 128, 2, 0]
  2150187084: [75, 214, 246, 232]
  2150187380: [34, 224, 1, 170]
  2150187392: [34, 160, 0, 112]
  2150187576: [34, 224, 0, 226]
  2150187588: [34, 160, 0, 170]
  2150187712: [59, 32, 1, 158]
  2150187780: [56, 224, 2, 26, 57, 0, 0, 166]
  2150187944: [57, 0, 0, 166]
  2150188080: [57, 0, 0, 166]
  2150188220: [34, 224, 0, 226]
  2150188232: [34, 160, 0, 230]
  2150188432: [56, 224, 1, 214, 57, 0, 0, 226]
  2150188568: [56, 224, 1, 192, 57, 0, 0, 226]
  2150188716: [34, 224, 2, 6]
  2150188728: [34, 160, 0, 230]
  2150188904: [34, 224, 2, 6]
  2150188916: [34, 160, 0, 230]
  2150189088: [34, 224, 0, 176]
  2150189100: [34, 160, 1, 34]
  2150189280: [34, 192, 0, 232]
  2150189292: [34, 160, 1, 94]
  2150189620: [56, 224, 1, 132, 57, 0, 1, 30]
  2150189776: [56, 224, 1, 156]
  2150189784: [57, 0, 1, 30]
  2150189968: [56, 224, 1, 180, 57, 0, 1, 30]
  2150190104: [56, 224, 1, 204, 57, 0, 1, 30]
  2150190316: [56, 224, 1, 228, 57, 0, 1, 30]
  2150190508: [56, 224, 1, 252, 57, 0, 1, 30]
  2150190640: [56, 224, 2, 20]
  2150190648: [57, 0, 1, 30]
  2150191136: [56, 224, 1, 240, 57, 0, 1, 90]
  2150191272: [56, 224, 1, 244]
  2150191280: [57, 0, 1, 90]
  2150192576: [56, 224, 1, 240, 57, 0, 1, 90]
  2150192712: [56, 224, 1, 244]
  2150192720: [57, 0, 1, 90]
  2150193944: [56, 224, 1, 240, 57, 0, 1, 90]
  2150194080: [56, 224, 1, 244]
  2150194088: [57, 0, 1, 90]
  2150194508: [56, 224, 2, 70, 57, 0, 1, 114]
  2150194652: [56, 224, 1, 240, 57, 0, 1, 90]
  2150194788: [56, 224, 1, 244]
  2150194796: [57, 0, 1, 90]
  2150194944: [56, 224, 1, 220, 57, 0, 1, 90]
  2150195188: [56, 224, 2, 70, 57, 0, 1, 114]
  2150195332: [56, 224, 1, 240, 57, 0, 1, 90]
  2150195468: [56, 224, 1, 244]
  2150195476: [57, 0, 1, 90]
  2150195624: [56, 224, 1, 220, 57, 0, 1, 90]
  2150196744: [56, 224, 1, 170, 57, 0, 0, 226]
  2150196888: [59, 195, 0, 180]
  2150196944: [35, 64, 1, 170]
  2150197144: [59, 67, 0, 208]
  2150197200: [35, 96, 1, 170]
  2150197388: [35, 3, 1, 0]
  2150197428: [59, 35, 1, 120]
  2150197668: [35, 35, 1, 0]
  2150197708: [34, 227, 1, 222]
  2150197924: [33, 3, 1, 0]
  2150198964: [56, 224, 1, 170, 57, 0, 0, 226]
  2150199084: [33, 3, 0, 180]
  2150199140: [56, 224, 1, 170]
  2150199332: [32, 227, 1, 54]
  2150199540: [35, 35, 0, 216]
  2150199596: [35, 64, 1, 170]
  2150199796: [59, 35, 0, 248]
  2150199852: [35, 64, 1, 180]
  2150200816: [56, 0, 1, 170]
  2150200936: [56, 224, 0, 210]
  2150201928: [57, 0, 1, 48]
  2150202052: [57, 0, 1, 86]
  2150202164: [57, 0, 1, 48]
  2150202276: [57, 0, 1, 48]
  2150202392: [57, 0, 1, 48]
  2150203052: [57, 0, 1, 130]
  2150203168: [57, 0, 1, 48]
  2150203292: [57, 0, 1, 86]
  2150203404: [57, 0, 1, 48]
  2150203516: [57, 0, 1, 48]
  2150203632: [57, 0, 1, 48]
  2150204196: [56, 224, 3, 2]
  2150204316: [56, 224, 3, 30]
  2150204440: [56, 224, 3, 2]
  2150204552: [56, 224, 3, 30]
  2150204772: [56, 224, 2, 196]
  2150204884: [56, 224, 2, 224]
  2150205624: [56, 224, 1, 114]
  2150205744: [56, 224, 1, 130]
  2150205872: [56, 224, 1, 146]
  2150206024: [56, 224, 1, 162]
  2150206164: [56, 224, 1, 178]
  2150206292: [56, 224, 1, 194]
  2150206512: [56, 224, 1, 86]
  2150206796: [56, 224, 2, 134]
  2150206912: [56, 224, 2, 164]
  2150207124: [56, 224, 2, 70]
  2150207240: [56, 224, 2, 100]
  2150222696: [56, 160, 3, 84, 57, 0, 1, 192]
  2150276748: [56, 224, 1, 170, 57, 0, 0, 200]
  2150282532: [56, 0, 1, 192]
  2150282580: [57, 64, 3, 84]
  2150289232: [60, 128, 0, 28, 56, 4, 0, 0]
  2150289348: [75, 213, 103, 172]
  2150289712: [75, 213, 102, 76]
  2150289964: [60, 160, 0, 28]
  2150289532: [56, 9, 1, 224]
  2150289988: [56, 133, 0, 0]
  2150290488: [35, 68, 1, 170]
  2150291240: [56, 160, 0, 200]
  2150293740: [56, 96, 1, 192]
  2150293784: [57, 64, 3, 84]
  2150354372: [56, 0, 1, 88]
  2150354448: [56, 0, 1, 85]
  2150354636: [59, 6, 0, 106]
  2150355212: [58, 5, 0, 106]
  2150356564: [58, 5, 0, 106]
  2150361484: [58, 197, 0, 106]
  2150365916: [56, 160, 1, 250]
  2150365940: [56, 128, 0, 180]
  2150366048: [56, 160, 1, 250, 56, 128, 1, 40]
  2150366128: [56, 96, 1, 238, 56, 0, 1, 40]
  2150366168: [56, 96, 2, 110, 56, 0, 1, 40]
  2150366248: [56, 160, 1, 82]
  2150366256: [56, 128, 0, 172]
  2150366296: [56, 96, 2, 162]
  2150366364: [56, 0, 1, 250]
  2150366388: [56, 96, 1, 10]
  2150366416: [56, 96, 1, 76]
  2150366536: [56, 96, 1, 250]
  2150366640: [56, 160, 1, 250, 56, 128, 0, 208]
  2150366712: [56, 160, 1, 74]
  2150366720: [56, 128, 0, 208]
  2150366760: [56, 0, 2, 170, 56, 128, 0, 208]
  2150369176: [56, 128, 1, 96]
  2150369456: [56, 96, 1, 132]
  2150369512: [56, 128, 1, 144]
  2150369556: [56, 0, 1, 144]
  2150369588: [56, 128, 1, 148]
  2150369620: [56, 0, 1, 144]
  2150369656: [56, 128, 1, 148]
  2150369852: [56, 128, 1, 8]
  2150370096: [56, 160, 1, 250]
  2150370336: [56, 128, 2, 184]
  2150370392: [56, 160, 2, 238]
  2150370432: [56, 96, 3, 3]
  2150370608: [56, 160, 1, 250, 56, 128, 1, 64]
  2150370688: [56, 96, 1, 250, 56, 0, 1, 64]
  2150370732: [56, 96, 1, 250, 56, 0, 1, 64]
  2150370884: [56, 128, 1, 20]
  2150370944: [56, 0, 1, 20]
  2150370984: [56, 128, 1, 20]
  2150371020: [56, 128, 1, 20]
  2150371052: [56, 0, 1, 45]
  2150371092: [56, 96, 1, 44]
  2150371420: [56, 96, 0, 192]
  2150371548: [56, 0, 1, 250]
  2150371560: [56, 0, 1, 178]
  2150371572: [56, 0, 2, 66]
  2150375388: [56, 0, 2, 234]
  2150394308: [44, 27, 0, 6]
  2150394324: [44, 28, 0, 6]
  2150405160: [56, 0, 2, 234]
  2150405988: [65, 129, 0, 28]
  2150407544: [56, 0, 1, 192]
  2150407600: [57, 64, 3, 84]
  2150453056: [75, 210, 231, 220]
  2150454748: [56, 192, 2, 145]
  2150460776: [57, 0, 1, 192]
  2150460824: [57, 64, 3, 84]
  2150461076: [57, 0, 1, 192]
  2150461124: [57, 64, 3, 84]
  2150461472: [56, 0, 1, 125]
  2150461488: [56, 0, 1, 85]
  2150462260: [56, 96, 1, 45, 56, 0, 1, 3]
  2150462280: [56, 96, 1, 45, 56, 0, 1, 44]
  2150462300: [56, 96, 1, 45, 56, 0, 1, 82]
  2150462332: [56, 96, 1, 45, 56, 0, 1, 122]
  2150462352: [56, 96, 1, 45, 56, 0, 1, 82]
  2150463800: [56, 0, 1, 192]
  2150463848: [57, 64, 3, 84]
  2150463996: [56, 0, 1, 192]
  2150464044: [57, 64, 3, 84]
  2150465364: [56, 0, 1, 192]
  2150465412: [57, 64, 3, 84]
  2150488728: [56, 160, 1, 192, 252, 160, 8, 144, 56, 0, 3, 84]
  2150779952: [75, 205, 234, 124]
  2151141240: [1, 92, 1, 144]
  2151141256: [1, 102, 1, 146]
  2151141272: [1, 138, 1, 150]
  2151141288: [2, 132, 1, 144]
  2151141304: [2, 142, 1, 146]
  2151141320: [2, 174, 1, 150]
  2151141336: [1, 92, 1, 144]
  2151141352: [1, 102, 1, 146]
  2151141368: [1, 138, 1, 150]
  2151141644: [1, 92, 1, 144]
  2151141656: [1, 94, 1, 146]
  2151141668: [1, 128, 1, 150]
  2151164668: [0, 0, 0, 200, 0, 0, 0, 240, 0, 0, 1, 24]
  2151483408: [0, 0, 0, 80]
  2151483912: [0, 0, 2, 212]
  2151483936: [0, 0, 1, 114]
  2151483952: [0, 0, 2, 212, 0, 0, 1, 114]
  2151499252: [0, 0, 0, 220, 0, 0, 1, 40]
  2151499264: [0, 0, 1, 169]
  2151499352: [0, 0, 2, 160]
  2151499396: [0, 0, 2, 156]
  2151499444: [0, 0, 0, 220]
  2151499484: [0, 0, 2, 160, 0, 0, 0, 220]
  2151499528: [0, 0, 2, 160, 0, 0, 0, 220]
  2151499576: [0, 0, 1, 40]
  2151499616: [0, 0, 2, 130, 0, 0, 1, 40]
  2151499660: [0, 0, 2, 134, 0, 0, 1, 40]
  2151499704: [0, 0, 1, 135, 0, 0, 1, 132]
  2151499748: [0, 0, 1, 203, 0, 0, 1, 142]
  2151499792: [0, 0, 1, 185, 0, 0, 1, 132]
  2151499836: [0, 0, 2, 70, 0, 0, 2, 247, 0, 0, 2, 70, 0, 0, 2, 247, 0, 0, 2, 70,
    0, 0, 3, 10, 0, 0, 2, 70, 0, 0, 3, 36, 0, 0, 2, 70, 0, 0, 2, 195, 0, 0, 2, 70,
    0, 0, 2, 188]
  2151539424: [0, 0, 1, 42]
  2151539476: [0, 0, 1, 60]
  2151539528: [0, 0, 2, 14]
  2151539580: [0, 0, 1, 44]
  2151539632: [0, 0, 2, 56]
  2151539944: [0, 0, 1, 208, 0, 0, 1, 144]
  2151539996: [0, 0, 1, 224, 0, 0, 1, 144]
  2151540048: [0, 0, 2, 74, 0, 0, 1, 144]
  2151540100: [0, 0, 1, 252, 0, 0, 1, 151]
  2151540152: [0, 0, 0, 222, 0, 0, 1, 144]
  2151540204: [0, 0, 0, 238, 0, 0, 1, 144]
  2151540256: [0, 0, 1, 182, 0, 0, 1, 144]
  2151540308: [0, 0, 1, 7, 0, 0, 1, 151]
  2151540360: [0, 0, 2, 220]
  2151540412: [0, 0, 2, 220]
  2151540464: [0, 0, 1, 82, 0, 0, 0, 196]
  2151540516: [0, 0, 1, 240, 0, 0, 0, 196]
  2151540568: [0, 0, 2, 220]
  2151540620: [0, 0, 2, 152]
  2151540672: [0, 0, 2, 150]
  2151540724: [0, 0, 2, 236]
  2151540776: [0, 0, 2, 238]
  2151540828: [0, 0, 3, 16]
  2151540880: [0, 0, 2, 236]
  2151540932: [0, 0, 2, 220]
  2151540984: [0, 0, 2, 152]
  2151541036: [0, 0, 2, 150]
  2151541088: [0, 0, 2, 236]
  2151541140: [0, 0, 2, 238]
  2151541192: [0, 0, 3, 16]
  2151541244: [0, 0, 2, 236]
  2151541296: [0, 0, 2, 220]
  2151541348: [0, 0, 2, 152]
  2151541400: [0, 0, 2, 150]
  2151541452: [0, 0, 2, 236]
  2151541504: [0, 0, 2, 238]
  2151541556: [0, 0, 3, 16]
  2151541608: [0, 0, 2, 236]
  2151541660: [0, 0, 2, 220]
  2151541712: [0, 0, 2, 152]
  2151541764: [0, 0, 2, 150]
  2151541816: [0, 0, 2, 236]
  2151541868: [0, 0, 2, 238]
  2151541920: [0, 0, 3, 16]
  2151541972: [0, 0, 2, 236]
  2151542024: [0, 0, 2, 220]
  2151542076: [0, 0, 2, 152]
  2151542128: [0, 0, 2, 150]
  2151542180: [0, 0, 2, 236]
  2151542232: [0, 0, 2, 238]
  2151542284: [0, 0, 3, 16]
  2151542336: [0, 0, 2, 236]
  2151542760: [0, 0, 1, 82]
  2151542776: [0, 0, 1, 82]
  2151542804: [0, 0, 1, 18]
  2151542856: [0, 0, 1, 36]
  2151542908: [0, 0, 1, 250]
  2151542960: [0, 0, 1, 24]
  2151543012: [0, 0, 0, 252]
  2151543064: [0, 0, 1, 58, 0, 0, 0, 250]
  2151543116: [0, 0, 1, 106, 0, 0, 0, 250]
  2151543168: [0, 0, 1, 106, 0, 0, 0, 250]
  2151543220: [0, 0, 1, 106, 0, 0, 0, 250]
  2151544104: [0, 0, 1, 138, 0, 0, 0, 244]
  2151544156: [0, 0, 1, 145, 0, 0, 0, 254]
  2151544208: [0, 0, 1, 138, 0, 0, 0, 244]
  2151544468: [0, 0, 1, 208, 0, 0, 1, 144]
  2151544520: [0, 0, 1, 224, 0, 0, 1, 144]
  2151544572: [0, 0, 2, 74, 0, 0, 1, 144]
  2151544624: [0, 0, 1, 252, 0, 0, 1, 151]
  2151544676: [0, 0, 0, 222, 0, 0, 1, 144]
  2151544728: [0, 0, 0, 238, 0, 0, 1, 144]
  2151544780: [0, 0, 1, 182, 0, 0, 1, 144]
  2151544832: [0, 0, 1, 7, 0, 0, 1, 151]
  2151544884: [0, 0, 2, 164]
  2151544936: [0, 0, 2, 164]
  2151544988: [0, 0, 2, 164]
  2151545040: [0, 0, 2, 164]
  2151545092: [0, 0, 2, 164]
  2151545144: [0, 0, 2, 228]
  2151545196: [0, 0, 2, 228]
  2151545248: [0, 0, 2, 228]
  2151545300: [0, 0, 2, 228]
  2151545352: [0, 0, 2, 228]
  2151545404: [0, 0, 3, 36]
  2151545456: [0, 0, 3, 36]
  2151545508: [0, 0, 3, 36]
  2151545560: [0, 0, 3, 36]
  2151545612: [0, 0, 3, 36]
  2151545664: [0, 0, 2, 164]
  2151545716: [0, 0, 2, 164]
  2151545768: [0, 0, 2, 164]
  2151545820: [0, 0, 2, 164]
  2151545872: [0, 0, 2, 164]
  2151545924: [0, 0, 2, 228]
  2151545976: [0, 0, 2, 228]
  2151546028: [0, 0, 2, 228]
  2151546080: [0, 0, 2, 228]
  2151546132: [0, 0, 2, 228]
  2151546184: [0, 0, 3, 36]
  2151546236: [0, 0, 3, 36]
  2151546288: [0, 0, 3, 36]
  2151546340: [0, 0, 3, 36]
  2151546392: [0, 0, 3, 36]
  2151546444: [0, 0, 2, 164]
  2151546496: [0, 0, 2, 164]
  2151546548: [0, 0, 2, 164]
  2151546600: [0, 0, 2, 164]
  2151546652: [0, 0, 2, 164]
  2151546704: [0, 0, 2, 228]
  2151546756: [0, 0, 2, 228]
  2151546808: [0, 0, 2, 228]
  2151546860: [0, 0, 2, 228]
  2151546912: [0, 0, 2, 228]
  2151546964: [0, 0, 3, 36]
  2151547016: [0, 0, 3, 36]
  2151547068: [0, 0, 3, 36]
  2151547120: [0, 0, 3, 36]
  2151547172: [0, 0, 3, 36]
  2151547224: [0, 0, 2, 164]
  2151547276: [0, 0, 2, 164]
  2151547328: [0, 0, 2, 164]
  2151547380: [0, 0, 2, 164]
  2151547432: [0, 0, 2, 164]
  2151547484: [0, 0, 2, 228]
  2151547536: [0, 0, 2, 228]
  2151547588: [0, 0, 2, 228]
  2151547640: [0, 0, 2, 228]
  2151547692: [0, 0, 2, 228]
  2151547744: [0, 0, 3, 36]
  2151547796: [0, 0, 3, 36]
  2151547848: [0, 0, 3, 36]
  2151547900: [0, 0, 3, 36]
  2151547952: [0, 0, 3, 36]
  2151583800: [0, 0, 0, 200, 0, 0, 1, 14, 0, 0, 1, 84, 0, 0, 1, 154]
  2151630088: [1, 44]
  2151630092: [0, 0, 0, 178]
  2151630104: [0, 0, 0, 234]
  2151631984: [0, 110]
  2151636788: [0, 0, 1, 82, 0, 0, 0, 92]
  2151636800: [0, 0, 1, 194, 0, 0, 0, 92]
  2151636812: [0, 0, 2, 50, 0, 0, 0, 92]
  2151636824: [0, 0, 2, 162, 0, 0, 0, 92]
  2151636836: [0, 0, 1, 74, 0, 0, 0, 112]
  2151636860: [0, 0, 1, 74, 0, 0, 0, 112]
  2151636872: [0, 0, 1, 168, 0, 0, 0, 72]
  2151636884: [0, 0, 2, 82, 0, 0, 0, 72]
  2151636896: [0, 0, 2, 170, 0, 0, 0, 112]
  2151636908: [0, 0, 1, 74, 0, 0, 0, 112]
  2151636920: [0, 0, 1, 146, 0, 0, 0, 72]
  2151636932: [0, 0, 1, 218, 0, 0, 0, 112]
  2151636944: [0, 0, 2, 26, 0, 0, 0, 112]
  2151636956: [0, 0, 2, 98, 0, 0, 0, 72]
  2151636968: [0, 0, 2, 170, 0, 0, 0, 112]
  2151673244: [0, 0, 2, 61]
  2151673324: [0, 0, 5, 29]
  2151673332: [0, 0, 0, 203]
  2151673368: [0, 0, 0, 167, 0, 0, 1, 17, 0, 0, 0, 167]
  2151673404: [0, 0, 4, 222, 0, 0, 0, 138]
  2151673416: [0, 0, 0, 138]
  2151673448: [0, 0, 0, 138, 0, 0, 2, 119, 0, 0, 0, 138]
  2151673524: [0, 0, 5, 135]
  2151673532: [0, 0, 1, 53]
  2151673564: [0, 0, 2, 117]
  2151673572: [0, 0, 2, 117]
  2151673604: [0, 0, 0, 203]
  2151673644: [0, 0, 1, 172, 0, 0, 1, 47]
  2151673684: [0, 0, 1, 172, 0, 0, 1, 6]
  2151673724: [0, 0, 1, 172, 0, 0, 1, 46]
  2151673764: [0, 0, 1, 172, 0, 0, 1, 86]
  2151673804: [0, 0, 1, 172, 0, 0, 1, 126]
  2151673844: [0, 0, 1, 11, 0, 0, 1, 157]
  2151673884: [0, 0, 1, 234, 0, 0, 1, 157]
  2152320746: [2, 60]
  2152320754: [2, 60]
  2152320770: [0, 156, 1, 16]
  2152328804: [67, 224, 0, 0]
  2152329644: [63, 227, 142, 56]
  2152330380: [67, 213, 0, 0, 67, 122, 0, 0]
  2152330484: [67, 190, 0, 0]
  2152330492: [67, 196, 0, 0]
  2152330516: [67, 202, 0, 0]
  2152330532: [68, 45, 128, 0]
  2152335368: [63, 227, 142, 56]
  2152338988: [67, 96, 0, 0]
  2152339028: [67, 102, 0, 0]
  2152339400: [67, 175, 0, 0, 67, 201, 128, 0, 67, 251, 0, 0, 67, 135, 0, 0, 67, 211,
    0, 0, 68, 17, 128, 0, 67, 213, 0, 0, 67, 241, 128, 0]
  2152339464: [63, 227, 142, 56]
  2152339480: [67, 213, 0, 0]
  2152339488: [67, 162, 0, 0]
  2152339492: [67, 175, 128, 0, 68, 12, 64, 0]
  2152339500: [67, 68, 0, 0]
  2152339504: [67, 214, 128, 0]
  2152339512: [68, 85, 0, 0, 67, 96, 0, 0, 67, 224, 0, 0]
  2152342120: [63, 227, 142, 56]
  2152343784: [63, 227, 142, 56]
  2152345356: [63, 227, 142, 56]
  2152345512: [63, 227, 142, 56]
  2152348912: [0, 0, 1, 74, 0, 0, 1, 176]
  2152349656: [63, 227, 142, 56]
  2152349668: [68, 85, 0, 0, 67, 96, 0, 0, 67, 224, 0, 0]
  2152350540: [67, 224, 0, 0]
  2152350568: [68, 85, 0, 0]
  2152350908: [67, 224, 0, 0]
  2152351024: [0, 0, 0, 210, 0, 0, 0, 242]
  2152351040: [0, 0, 1, 74, 0, 0, 1, 170]
  2152351188: [195, 57, 0, 0]
  2152351208: [63, 227, 142, 56]
  2152351480: [63, 227, 142, 56]
  2152352116: [63, 227, 142, 56]
  2152352388: [63, 227, 142, 56]
  2152353040: [63, 227, 142, 56]
  2152353136: [68, 9, 192, 0]
  2152353144: [67, 112, 0, 0]
  2152353160: [67, 158, 0, 0]
  2152353168: [68, 19, 192, 0]
